2214 2217 82 83
1827 1828 83 83
1828 1830 83 83
1823 1827 83 83
2111 2114 82 83
2114 2117 83 82
2121 2124 83 82
2117 2121 82 83
2128 2131 83 82
2124 2128 82 83
2131 2135 82 83
2149 2150 83 83
2188 2191 82 83
2191 2194 83 82
2198 2201 83 82
2194 2198 82 83
2205 2208 83 82
2201 2205 82 83
2208 2212 82 83
2212 2214 83 82
2107 2111 83 82
2184 2188 83 82
2169 2170 83 83
2092 2093 83 83
1872 1875 83 83
1875 1879 83 83
1879 1882 83 83
1882 1886 83 83
1893 1897 83 83
1897 1896 83 83
1896 1900 83 83
1907 1911 83 83
1911 1914 83 83
1914 1917 83 83
1917 1921 83 83
1921 1924 83 83
1924 1928 83 83
1935 1939 83 83
1939 1938 83 83
1938 1942 83 83
1956 1959 83 83
1959 1963 83 83
1984 1987 83 83
1987 1991 83 83
1991 1994 83 83
1994 1998 83 83
1998 2001 83 83
2001 2005 83 83
2005 2008 83 83
2008 2012 83 83
2012 2016 83 83
2016 2019 83 83
2019 2023 83 83
2023 2026 83 83
2026 2030 83 83
2030 2033 83 83
2033 2036 83 83
2036 2040 83 83
2040 2043 83 83
2043 2047 83 83
2047 2050 83 83
2050 2054 83 83
2054 2057 83 83
2057 2061 83 83
2068 2072 83 83
2072 2075 83 83
2075 2079 83 83
2079 2082 83 83
1834 1835 83 83
1830 1833 83 83
1833 1834 83 83
1859 1862 83 83
1862 1865 83 83
1869 1872 83 83
1865 1868 83 83
1868 1869 83 83
1890 1893 83 83
1886 1890 83 83
1904 1907 83 83
1900 1904 83 83
1932 1935 83 83
1928 1931 83 83
1931 1932 83 83
1942 1945 83 83
1945 1949 83 83
1953 1956 83 83
1949 1952 83 83
1952 1953 83 83
1967 1970 83 83
1963 1966 83 83
1966 1967 83 83
1974 1977 83 83
1970 1974 83 83
1977 1980 83 83
1980 1984 83 83
2061 2065 83 83
2065 2068 83 83
2082 2086 83 83
2086 2092 83 83
2093 2099 83 83
2099 2107 83 83
2170 2177 83 83
2177 2184 83 83
1855 1859 83 83
1835 1841 83 83
1841 1847 83 84
1847 1855 84 83
2217 2221 83 83
1820 1823 83 83
2145 2149 83 83
2135 2138 83 83
2150 2159 83 83
2159 2169 83 83
2221 2224 83 83
1816 1820 83 83
2142 2145 83 83
2138 2142 83 83
2224 2228 83 83
1813 1816 84 83
2228 2231 83 83
1810 1813 84 84
2231 2235 83 84
2235 2238 84 84
2238 2241 84 85
1786 1810 89 84
2241 2256 85 89
1785 1786 89 89
2256 2259 89 90
1781 1785 90 89
2259 2263 90 91
1778 1781 92 90
2263 2266 91 92
1774 1778 93 92
2266 2271 92 94
1771 1774 94 93
1767 1771 96 94
2271 2278 94 97
1761 1767 99 96
2278 2284 97 99
1757 1761 101 99
2284 2287 99 101
1753 1757 102 101
2287 2292 101 103
1750 1753 104 102
811 818 104 104
804 811 104 104
818 825 104 104
1024 1031 104 105
797 804 105 104
825 828 104 105
1017 1024 105 104
1031 1038 105 105
828 832 105 105
1073 1076 105 105
1114 1116 105 105
1481 1484 105 105
1116 1121 105 105
1121 1128 105 105
1128 1135 105 105
1516 1523 106 106
1568 1574 106 106
1003 1010 105 105
1142 1149 105 105
1551 1558 106 105
1135 1137 105 105
1137 1142 105 105
1596 1599 106 106
104 111 104 105
1010 1011 105 105
1011 1017 105 105
97 104 105 104
1512 1516 106 106
1107 1114 105 105
996 1003 105 105
1565 1568 106 106
1558 1565 105 106
1599 1603 106 106
1574 1584 106 106
1584 1596 106 106
1484 1495 105 106
1523 1530 106 106
1508 1512 106 106
1467 1481 106 105
1247 1270 106 105
790 797 105 105
1149 1156 105 105
1544 1551 106 106
1038 1045 105 105
111 118 105 105
1059 1073 105 105
1603 1607 106 106
1495 1498 106 106
1435 1436 106 106
1397 1398 106 106
1498 1499 106 106
1499 1502 106 106
1379 1386 106 106
832 839 105 106
1502 1505 106 106
1505 1508 106 106
125 132 105 105
1392 1397 106 106
90 97 105 105
55 62 105 105
1398 1405 106 106
1270 1273 105 106
223 230 104 105
279 286 104 105
1337 1344 106 106
1368 1376 106 106
1376 1379 106 106
1386 1389 106 106
1389 1392 106 106
216 223 105 104
272 279 105 104
989 996 106 105
1330 1337 106 106
1045 1047 105 106
1418 1427 106 106
1427 1435 106 106
1746 1750 106 104
62 69 105 105
1436 1446 106 106
118 120 105 105
120 125 105 105
1405 1408 106 106
1408 1418 106 106
132 139 105 105
1530 1537 106 106
1358 1368 106 106
48 55 105 105
1273 1277 106 106
1537 1538 106 106
1538 1544 106 106
1344 1350 106 106
1096 1107 106 105
230 237 105 105
286 293 105 105
314 316 105 105
316 321 105 105
321 322 105 105
322 328 105 105
1156 1163 105 106
167 174 106 105
265 272 105 105
209 216 105 105
1323 1330 107 106
984 989 106 106
1607 1613 106 107
328 331 105 105
1076 1094 105 106
1094 1096 106 106
1047 1052 106 106
1052 1051 106 106
1051 1059 106 105
69 76 105 106
307 314 105 105
1446 1453 106 107
1354 1358 107 106
1350 1353 106 107
1353 1354 107 107
44 48 106 105
139 146 105 106
174 181 105 106
83 90 106 105
160 167 106 106
783 790 106 105
1453 1455 107 107
1455 1467 107 106
839 846 106 106
1235 1247 107 106
1613 1617 107 107
300 307 106 105
76 80 106 106
80 83 106 106
293 299 105 106
299 300 106 106
237 244 105 106
2292 2299 103 107
979 984 107 106
202 209 106 105
258 265 106 105
978 979 107 107
1163 1170 106 107
153 160 106 106
146 152 106 106
152 153 106 106
1312 1323 108 107
198 202 106 106
331 349 105 107
859 875 107 107
244 251 106 106
1228 1235 108 107
181 195 106 107
195 198 107 106
251 251 106 107
251 258 107 106
776 783 108 106
1743 1746 108 106
846 854 106 108
854 859 108 107
1170 1177 107 108
875 893 107 108
969 978 108 107
349 356 107 108
771 776 109 108
965 969 109 108
961 965 109 109
1177 1181 108 109
893 900 108 109
1181 1182 109 109
1182 1184 109 109
1198 1202 109 109
1184 1191 109 109
1202 1209 109 109
769 771 109 109
955 961 109 109
1191 1193 109 109
1193 1198 109 109
23 44 109 106
1277 1298 106 110
1218 1228 110 108
900 915 109 109
1209 1217 109 110
1217 1218 110 110
1298 1299 110 110
1299 1312 110 108
934 935 109 109
915 916 109 109
947 955 109 109
929 934 110 109
916 920 109 110
920 929 110 110
935 940 109 110
940 947 110 109
356 363 108 109
1739 1743 110 108
397 401 110 110
410 412 110 110
363 366 109 110
401 403 110 110
403 410 110 110
419 426 110 110
412 418 110 110
418 419 110 110
391 397 110 110
384 390 110 110
390 391 110 110
366 370 110 110
762 769 111 109
1617 1638 107 111
377 384 110 110
426 433 110 110
370 373 110 110
373 377 110 110
2299 2306 107 111
433 440 110 111
440 447 111 111
1736 1739 113 110
1638 1645 111 113
755 762 112 111
447 454 111 112
1645 1648 113 114
454 457 112 113
1648 1652 114 115
748 755 114 112
1732 1736 115 113
1652 1655 115 116
2306 2313 111 116
457 467 113 126
1655 1659 116 117
741 748 117 114
1729 1732 117 115
734 741 119 117
1725 1729 120 117
2313 2320 116 121
467 480 126 145
727 734 122 119
725 727 123 122
1719 1725 125 120
2320 2327 121 126
721 725 132 123
480 485 145 162
721 721 133 132
1715 1719 128 125
1659 1688 117 129
1688 1690 129 130
717 721 146 133
1711 1715 131 128
485 488 162 177
2327 2334 126 132
1690 1694 130 132
715 717 153 146
1694 1697 132 134
1708 1711 134 131
1697 1701 134 135
713 715 160 153
1704 1708 137 134
1701 1704 135 137
2334 2341 132 138
711 713 167 160
710 711 174 167
1704 1707 137 155
709 710 181 174
2341 2351 138 147
708 709 188 181
488 495 177 212
86 87 253 253
123 128 256 255
708 708 194 188
708 708 195 194
495 496 212 216
1707 1708 155 173
128 133 255 256
114 123 255 256
255 260 258 257
260 266 257 256
292 299 256 254
87 98 253 256
299 309 254 256
309 319 256 256
319 328 256 257
328 330 257 257
266 276 256 257
133 147 256 256
346 362 258 258
98 104 256 257
104 114 257 255
276 281 257 259
281 282 259 259
282 292 259 256
235 255 259 258
330 338 257 259
338 346 259 258
707 708 202 195
34 35 257 257
213 214 260 259
15 34 250 257
214 218 259 259
1708 1709 173 182
51 58 259 259
362 372 258 261
35 44 257 259
44 51 259 259
230 235 260 259
147 155 256 260
229 230 260 260
58 61 259 260
61 86 260 253
218 223 259 260
223 229 260 260
196 197 260 260
171 182 259 260
155 162 260 260
162 171 260 259
197 200 260 261
200 213 261 260
186 196 260 260
182 185 260 260
185 186 260 260
405 409 261 261
372 375 261 262
375 382 262 261
394 403 262 262
403 405 262 261
409 417 261 262
389 394 262 262
382 388 261 262
388 389 262 262
707 707 209 202
0 23 115 109
0 15 243 250
496 497 216 231
707 707 209 216
417 443 262 265
496 497 239 231
2351 2367 147 163
707 707 216 223
2367 2367 169 163
707 708 223 230
1709 1711 182 212
443 462 265 269
2367 2368 169 181
708 709 230 237
1711 1712 212 219
1712 1712 219 221
2368 2368 188 181
709 710 237 244
1711 1712 229 221
1710 1711 232 229
2368 2368 188 197
710 711 244 251
462 489 269 269
489 496 269 239
711 712 251 253
489 492 269 275
712 713 253 258
2368 2368 197 210
713 714 258 265
2368 2368 210 218
492 496 275 300
2368 2368 225 218
290 295 345 345
295 299 345 345
88 90 345 345
179 184 345 345
316 325 346 345
197 207 345 345
111 119 344 345
195 197 345 345
299 303 345 346
184 194 345 346
194 195 346 345
241 257 345 346
78 88 345 345
90 98 345 346
174 179 346 345
334 346 346 347
303 310 346 347
310 316 347 346
325 331 345 346
331 334 346 346
362 363 347 347
363 367 347 347
367 369 347 347
98 101 346 346
101 111 346 344
346 349 347 348
369 379 347 347
168 174 347 346
349 353 348 348
353 362 348 347
379 383 347 348
207 219 345 347
496 496 300 311
383 388 348 349
257 269 346 348
269 270 348 348
270 290 348 345
50 54 349 348
36 43 349 348
43 44 348 348
44 50 348 349
28 36 348 349
27 28 349 348
2511 2519 357 364
119 136 345 349
136 137 349 349
160 168 350 347
64 78 349 345
149 153 349 349
153 160 349 350
137 143 349 349
143 149 349 349
2519 2524 364 371
219 226 347 350
226 241 350 345
54 63 348 349
63 64 349 349
714 719 265 282
2500 2511 350 357
2524 2528 371 378
388 399 349 352
719 720 282 286
399 403 352 354
2488 2500 343 350
2528 2529 378 385
720 721 286 288
2529 2529 386 385
496 497 311 327
2529 2529 390 386
403 410 354 360
2473 2488 336 343
2529 2529 390 392
2529 2529 393 392
2529 2529 397 393
0 27 348 349
2529 2529 397 399
2529 2529 400 399
495 497 337 327
495 495 338 337
2455 2473 328 336
2529 2529 404 400
1703 1710 289 232
2529 2529 404 406
494 495 343 338
2529 2529 407 406
494 494 346 343
721 729 288 307
2529 2529 411 407
2529 2529 411 413
2436 2455 322 328
410 430 360 373
2366 2368 269 225
1699 1703 302 289
729 733 307 314
2527 2529 420 413
490 494 360 346
2414 2436 315 322
733 737 314 321
2524 2527 427 420
737 741 321 328
2518 2524 434 427
430 480 373 376
2389 2414 308 315
480 483 376 376
483 490 376 360
741 742 328 331
2387 2389 307 308
742 745 331 335
2366 2379 269 307
2379 2387 307 307
483 492 376 400
745 749 335 342
2505 2518 444 434
749 753 342 349
492 494 400 414
1678 1699 345 302
494 497 414 425
753 758 349 356
2370 2379 353 307
1671 1678 355 345
2486 2505 455 444
758 763 356 363
763 768 363 370
2367 2370 374 353
497 499 425 451
499 499 452 451
2470 2486 462 455
768 773 370 377
499 499 460 452
2366 2367 386 374
498 499 464 460
2366 2366 390 386
2365 2366 393 390
773 779 377 384
2365 2365 397 393
2365 2365 400 397
2453 2470 468 462
27 32 523 523
2364 2365 404 400
315 318 525 525
779 785 384 391
2364 2364 407 404
32 44 523 527
44 56 527 524
223 225 526 526
278 292 525 528
498 501 464 486
225 249 526 525
249 251 525 526
251 278 526 525
106 128 531 529
149 153 528 527
292 295 528 529
295 315 529 525
128 139 529 529
318 335 525 531
139 140 529 529
140 149 529 528
56 73 524 529
217 223 529 526
88 91 529 529
91 96 529 529
73 77 529 529
202 205 529 529
2363 2364 411 407
96 97 529 529
97 106 529 531
183 190 529 528
153 161 527 527
190 194 528 529
194 202 529 529
205 212 529 529
212 217 529 529
77 82 529 529
82 88 529 529
335 338 531 531
392 394 529 530
374 385 530 530
385 392 530 529
785 788 391 394
394 398 530 531
398 404 531 531
353 355 530 531
370 374 531 530
161 165 527 529
165 183 529 529
350 353 531 530
338 350 531 531
355 364 531 531
364 370 531 531
501 501 495 486
788 791 394 398
404 434 531 536
2433 2453 476 468
434 446 536 537
791 797 398 405
797 804 405 412
496 501 524 495
2410 2433 483 476
804 811 412 419
495 496 536 524
493 495 542 536
811 817 419 426
446 493 537 543
493 493 543 542
817 825 426 433
2386 2410 490 483
493 495 543 558
43 50 614 613
201 203 614 614
39 43 614 614
199 201 614 614
825 827 433 435
50 58 613 614
29 39 615 614
229 231 614 614
231 234 614 614
145 149 615 615
26 27 615 615
27 29 615 615
203 211 614 615
211 214 615 615
140 145 614 615
278 287 615 615
0 27 525 523
265 276 615 615
276 278 615 615
214 222 615 615
222 229 615 614
250 252 615 615
341 345 616 616
335 341 616 616
234 243 614 616
243 250 616 615
149 156 615 615
252 259 615 616
259 265 616 615
360 361 617 616
331 335 616 616
361 366 616 616
156 178 615 620
327 330 616 616
330 331 616 616
83 103 614 614
82 83 614 614
345 352 616 617
352 360 617 617
303 327 615 616
178 185 620 620
185 199 620 614
287 300 615 617
300 303 617 615
126 140 617 614
495 496 558 568
103 119 614 616
366 377 616 618
119 122 616 618
122 126 618 617
74 82 618 614
58 72 614 618
72 74 618 618
827 832 435 440
496 496 568 571
377 390 618 622
0 26 615 615
496 497 571 578
497 497 582 578
832 838 440 447
496 497 586 582
390 401 622 629
2359 2386 496 490
838 844 447 452
844 846 452 454
2350 2363 499 411
2350 2359 499 496
2349 2350 502 499
401 420 629 642
2345 2349 511 502
846 856 454 464
420 438 642 641
856 866 464 474
866 867 474 475
486 496 636 586
438 485 641 640
485 486 640 636
485 485 640 641
485 487 641 650
867 873 475 482
487 488 650 656
2331 2345 541 511
873 880 482 489
2329 2331 546 541
488 495 656 685
880 887 489 496
2325 2329 553 546
2321 2325 560 553
887 893 496 503
184 187 749 749
58 63 749 748
63 70 748 747
70 74 747 748
175 184 752 749
278 279 750 750
159 161 753 753
171 175 753 752
161 165 753 753
165 171 753 753
322 335 748 749
46 58 749 749
279 286 750 750
377 379 751 751
335 342 749 751
269 278 750 750
74 93 748 750
286 289 750 751
289 299 751 750
372 377 751 751
400 410 751 751
393 400 751 751
379 386 751 752
386 393 752 751
410 414 751 752
342 348 751 752
348 358 752 751
2319 2321 563 560
187 200 749 751
358 369 751 752
369 372 752 751
222 246 749 750
93 97 750 751
299 314 750 751
314 322 751 748
495 496 685 708
259 269 752 750
246 258 750 753
258 259 753 752
17 22 753 753
97 105 751 753
105 107 753 753
135 159 753 753
33 46 753 749
112 122 753 754
213 222 753 749
122 133 754 753
22 32 753 753
32 33 753 753
107 111 753 754
111 112 754 753
133 134 753 753
134 135 753 753
200 209 751 754
209 213 754 753
6 17 753 753
893 901 503 510
816 824 594 587
810 816 601 594
824 831 587 580
1833 1840 581 581
800 810 611 601
1784 1833 579 581
831 839 580 573
1113 1115 509 509
1408 1416 511 511
1194 1203 509 510
1203 1205 510 510
1840 1847 581 582
839 846 573 566
790 800 622 611
966 972 510 510
1527 1535 510 510
1324 1354 510 512
1354 1365 512 512
1115 1149 509 511
1508 1527 511 510
1507 1508 511 511
1365 1385 512 513
1385 1408 513 511
972 990 510 510
944 966 511 510
1576 1671 511 355
1576 1610 511 528
1163 1194 511 509
846 854 566 559
1847 1854 582 583
1573 1576 511 511
785 790 629 622
1149 1157 511 511
1157 1163 511 511
933 944 511 511
1535 1565 510 511
1565 1573 511 511
854 863 559 552
1285 1324 514 510
1416 1461 511 514
1854 1861 583 583
1073 1113 512 509
923 933 512 511
776 785 639 629
863 871 552 545
496 498 708 722
1861 1868 583 584
1461 1474 514 515
1474 1507 515 511
990 1021 510 512
1610 1670 528 557
907 923 513 512
871 880 545 538
768 776 650 639
901 905 510 513
905 907 513 513
1868 1875 584 585
902 905 517 513
1205 1260 510 517
1260 1285 517 514
1385 1391 513 765
1021 1035 512 514
414 452 752 756
880 889 538 531
896 902 524 517
763 768 657 650
1875 1882 585 586
1670 1741 557 578
1741 1784 578 579
889 894 531 527
894 896 527 524
1035 1043 514 515
1043 1073 515 512
759 763 664 657
1391 1392 765 779
1882 1889 586 587
497 498 730 722
754 759 671 664
1474 1474 708 515
1474 1475 708 712
1889 1896 587 589
1896 1897 589 589
1897 1903 589 590
748 754 681 671
1903 1906 590 591
1475 1489 712 787
496 497 737 730
1391 1392 801 779
1390 1391 804 801
1489 1490 787 805
2302 2319 588 563
736 748 704 681
735 736 706 704
1390 1390 811 804
1489 1490 811 805
1906 1938 591 599
732 735 713 706
1390 1391 811 815
1938 1943 599 600
0 6 754 753
730 732 720 713
1391 1391 818 815
1943 1952 600 603
1391 1391 818 820
452 492 756 757
492 496 757 737
727 730 727 720
1489 1490 811 822
1952 1959 603 604
492 492 757 761
492 493 761 762
1391 1391 825 820
1490 1490 825 822
725 727 734 727
1959 1966 604 606
1391 1391 827 825
1391 1391 829 827
2293 2302 602 588
723 725 741 734
493 494 762 771
1488 1490 830 825
1488 1488 830 832
1966 1980 606 610
721 723 748 741
720 721 755 748
1980 1994 610 615
719 720 757 755
718 719 762 757
1994 2001 615 617
717 718 765 762
139 140 837 837
717 717 769 765
2001 2008 617 620
70 71 839 839
283 283 840 839
117 121 841 839
186 187 839 839
283 289 839 839
177 186 839 839
140 149 837 840
149 157 840 840
121 127 839 840
127 139 840 837
221 234 840 840
262 274 839 840
274 283 840 840
1391 1391 850 829
157 167 840 840
59 60 840 840
60 61 840 840
61 70 840 839
1391 1394 850 852
1394 1397 852 853
246 257 839 840
257 262 840 839
494 498 771 796
234 237 840 841
237 246 841 839
71 82 839 840
96 117 842 841
40 59 838 840
167 171 840 840
171 177 840 839
716 717 772 769
82 84 840 841
212 221 841 840
289 299 839 841
1397 1406 853 856
187 206 839 842
84 91 841 843
91 96 843 842
206 207 842 842
715 716 776 772
207 208 842 842
208 212 842 841
2008 2015 620 623
1406 1414 856 857
715 715 778 776
21 29 843 843
29 40 843 838
8 21 842 843
713 715 783 778
299 309 841 844
2015 2022 623 625
309 314 844 847
711 713 790 783
1414 1425 857 861
2022 2029 625 628
496 498 811 796
496 496 813 811
710 711 797 790
2029 2036 628 631
708 710 807 797
2036 2043 631 634
1488 1490 832 868
2267 2293 635 602
706 708 818 807
2266 2267 637 635
2043 2053 634 639
0 8 842 842
706 706 825 818
495 496 836 813
1425 1444 861 878
2053 2064 639 644
1444 1445 878 879
494 495 839 836
2261 2266 644 637
494 494 840 839
314 345 847 868
391 393 866 867
390 391 866 866
389 390 866 866
393 403 867 868
345 353 868 867
353 354 867 868
367 373 867 867
373 381 867 868
381 389 868 866
354 365 868 867
365 367 867 867
2064 2071 644 648
403 434 868 869
434 436 869 869
492 494 849 840
705 706 842 825
2071 2078 648 652
2255 2261 651 644
705 705 842 846
2078 2085 652 656
705 706 846 853
1445 1459 879 893
2248 2255 658 651
706 706 853 856
706 706 856 857
2085 2092 656 659
436 484 869 869
484 492 869 849
2092 2099 659 663
484 486 869 874
2242 2248 665 658
706 706 874 857
2099 2106 663 668
706 706 874 881
2236 2242 671 665
2106 2113 668 672
904 905 938 938
905 912 938 938
1003 1004 939 938
1021 1028 936 938
1004 1008 938 938
893 904 938 938
1028 1035 938 938
788 796 937 938
1008 1018 938 937
1018 1021 937 936
706 706 881 885
808 820 939 938
796 805 938 939
805 808 939 939
993 1003 939 939
912 919 938 939
820 822 938 939
822 826 939 939
826 827 939 939
987 993 942 939
706 706 888 885
1035 1051 938 941
919 928 939 941
1459 1476 893 910
2113 2120 672 676
866 869 941 942
869 874 942 942
855 857 940 940
874 875 942 942
875 893 942 938
971 977 948 948
977 987 948 942
928 932 941 944
1051 1057 941 943
1057 1062 943 942
857 860 940 941
860 866 941 941
1062 1070 942 943
962 971 949 948
954 961 948 949
961 962 949 949
827 844 939 943
844 855 943 940
944 954 948 948
932 937 944 946
937 939 946 947
939 944 947 948
706 706 895 888
1070 1079 943 944
486 494 874 908
1079 1082 944 944
2120 2127 676 681
706 706 902 895
1082 1104 944 950
706 706 902 909
1104 1106 950 951
2127 2134 681 685
189 207 975 974
706 707 909 916
1106 1115 951 955
207 218 974 976
1476 1488 910 923
1488 1490 923 868
494 494 933 908
2134 2141 685 690
494 494 933 935
218 224 976 978
118 119 978 978
271 275 979 979
135 140 979 979
115 118 978 978
174 189 979 975
173 174 979 979
248 253 978 978
58 64 979 979
108 112 979 979
112 115 979 978
275 279 979 979
279 289 979 979
42 49 979 979
253 261 978 979
261 271 979 979
119 126 978 979
126 135 979 979
289 292 979 979
292 305 979 979
49 50 979 979
50 58 979 979
34 42 979 979
81 90 978 979
71 81 980 978
377 380 980 980
32 34 979 979
90 91 979 979
305 308 979 979
327 372 978 980
308 309 979 979
31 32 979 979
18 26 978 980
26 31 980 979
372 373 980 980
373 377 980 980
707 708 916 923
224 227 978 979
227 233 979 980
64 69 979 980
69 71 980 980
91 95 979 980
95 108 980 979
233 242 980 979
242 248 979 978
380 385 980 980
389 400 980 979
385 387 980 980
387 389 980 980
324 327 979 978
400 411 979 980
162 173 979 979
309 322 979 980
322 324 980 979
140 157 979 981
157 162 981 979
2141 2148 690 695
1115 1125 955 960
1125 1125 960 961
411 421 980 983
708 709 923 930
322 326 980 999
2211 2236 696 671
709 709 930 933
709 788 933 937
2148 2155 695 699
2208 2211 700 696
709 709 937 933
326 326 999 1011
1125 1136 961 967
493 494 956 935
325 326 1016 1011
324 325 1019 1016
2204 2208 703 700
2155 2162 699 704
1136 1143 967 972
2201 2204 707 703
705 709 954 937
705 705 958 954
2162 2169 704 710
2197 2201 710 707
322 324 1037 1019
704 705 967 958
2194 2197 714 710
322 323 1037 1040
488 493 978 956
1143 1153 972 980
2169 2176 710 715
2190 2194 717 714
487 488 987 978
2176 2183 715 720
2187 2190 721 717
486 487 989 987
704 704 967 986
2183 2185 720 722
2185 2187 722 721
421 485 983 992
485 486 992 989
0 18 979 978
2185 2186 722 728
704 705 986 993
1153 1166 980 993
2186 2186 728 735
705 705 993 1000
2186 2187 735 742
485 485 992 1014
127 131 1065 1065
705 706 1000 1007
2187 2188 742 749
112 127 1067 1065
323 323 1065 1040
296 323 1067 1065
131 154 1065 1066
154 172 1066 1067
41 50 1068 1069
50 52 1069 1069
52 64 1069 1068
323 328 1065 1068
36 41 1069 1068
172 186 1067 1069
292 296 1069 1067
35 36 1069 1069
186 189 1069 1069
278 280 1069 1069
64 66 1068 1068
66 66 1068 1069
66 71 1069 1069
21 33 1071 1070
33 35 1070 1069
91 100 1069 1069
387 396 1070 1069
280 286 1069 1069
286 292 1069 1069
189 196 1069 1069
360 361 1069 1069
86 91 1070 1069
349 352 1069 1069
196 199 1069 1069
199 202 1069 1069
328 348 1068 1069
348 349 1069 1069
2188 2188 749 756
352 357 1069 1070
357 360 1070 1069
254 260 1071 1069
361 364 1069 1070
364 368 1070 1070
71 82 1069 1069
368 374 1070 1070
374 376 1070 1070
202 206 1069 1069
100 105 1069 1070
105 112 1070 1067
246 254 1072 1071
260 263 1069 1069
376 383 1070 1070
383 387 1070 1070
82 82 1069 1070
82 86 1070 1070
216 227 1071 1073
227 246 1073 1072
396 404 1069 1070
263 265 1069 1070
265 278 1070 1069
10 21 1072 1071
212 216 1071 1071
206 210 1069 1070
210 212 1070 1071
706 708 1007 1014
404 408 1070 1070
708 708 1014 1017
408 419 1070 1071
2188 2189 756 763
708 709 1017 1021
485 488 1014 1033
2204 2210 784 791
2196 2204 777 784
2189 2189 763 770
2210 2217 791 798
0 10 1073 1072
2189 2196 770 777
2217 2224 798 805
2179 2189 782 770
2224 2230 805 812
2094 2121 867 841
419 442 1071 1069
1751 1759 979 979
2230 2240 812 822
1745 1751 979 979
2121 2163 841 802
2163 2179 802 782
1815 1826 979 978
1264 1270 1011 1011
1812 1815 979 979
1270 1279 1011 1012
1738 1745 979 979
1759 1782 979 979
2240 2249 822 833
709 709 1021 1028
1734 1738 979 979
1330 1345 1015 1016
1215 1228 1017 1016
862 867 1068 1069
1951 1997 957 934
943 958 1066 1068
2249 2255 833 840
1228 1249 1016 1015
1249 1264 1015 1011
1166 1180 993 1016
1180 1215 1016 1017
851 862 1067 1068
867 880 1069 1069
880 889 1069 1067
2039 2094 912 867
1279 1293 1012 1012
1126 1142 1050 1043
1142 1168 1043 1025
1997 2026 934 921
2026 2039 921 912
1168 1176 1025 1020
1176 1180 1020 1016
889 905 1067 1065
936 943 1065 1066
1782 1795 979 981
1795 1812 981 979
1106 1126 1059 1050
958 980 1068 1069
1877 1951 978 957
905 910 1065 1066
910 911 1066 1066
1312 1330 1014 1015
1102 1106 1061 1059
1293 1304 1012 1014
930 936 1066 1065
1543 1545 982 982
1538 1543 982 982
1545 1549 982 982
1826 1873 978 979
1873 1877 979 978
1714 1734 982 979
1057 1102 1066 1061
2255 2272 840 861
1304 1307 1014 1015
1307 1312 1015 1014
1345 1383 1016 1019
488 488 1033 1045
1488 1519 923 984
1519 1538 984 982
834 851 1067 1067
980 991 1069 1070
911 920 1066 1067
1707 1714 984 982
1700 1707 984 984
920 921 1067 1068
921 930 1068 1066
709 710 1028 1035
1689 1700 986 984
1646 1649 990 990
1649 1668 990 988
1668 1687 988 987
1687 1689 987 986
991 995 1070 1070
995 999 1070 1070
1383 1390 1019 1020
999 1007 1070 1068
1007 1008 1068 1068
1507 1519 991 984
1606 1620 988 989
1047 1057 1069 1066
1483 1486 1001 1000
1044 1047 1068 1069
1008 1012 1068 1069
1390 1409 1020 1017
1409 1415 1017 1016
1012 1016 1069 1068
1016 1017 1068 1068
2272 2284 861 878
1040 1044 1069 1068
1587 1606 986 988
1017 1040 1068 1069
1549 1582 982 985
1439 1454 1013 1010
1454 1462 1010 1008
1620 1627 989 990
1627 1646 990 990
1462 1472 1008 1005
1472 1483 1005 1001
1582 1587 985 986
1415 1422 1016 1015
1422 1439 1015 1013
1486 1500 1000 995
1500 1507 995 991
824 834 1070 1067
2284 2296 878 892
710 711 1035 1042
487 488 1056 1045
486 487 1059 1056
2296 2322 892 927
2322 2324 927 931
711 713 1042 1049
442 485 1069 1062
485 486 1062 1059
2324 2328 931 938
806 824 1078 1070
2328 2333 938 945
2333 2337 945 952
713 714 1049 1056
2337 2341 952 959
2341 2344 959 966
2344 2348 966 973
714 716 1056 1063
2348 2351 973 980
2351 2355 980 987
485 494 1062 1093
716 719 1063 1070
2355 2358 987 994
2358 2361 994 1001
494 495 1093 1101
2361 2362 1001 1005
719 721 1070 1077
2362 2364 1005 1008
2364 2367 1008 1015
2367 2369 1015 1022
721 724 1077 1084
2369 2372 1022 1029
495 497 1101 1120
2372 2374 1029 1036
724 727 1084 1091
2374 2376 1036 1043
2376 2378 1043 1050
727 730 1091 1098
2378 2380 1050 1057
2380 2382 1057 1064
730 734 1098 1105
2382 2384 1064 1071
2384 2385 1071 1078
492 497 1152 1120
734 738 1105 1112
738 806 1112 1078
2385 2386 1078 1085
490 492 1158 1152
738 738 1119 1112
490 490 1159 1158
2386 2387 1085 1092
737 738 1126 1119
2387 2388 1092 1099
490 493 1159 1174
2388 2389 1099 1106
493 493 1174 1176
737 738 1126 1136
738 738 1136 1147
2389 2390 1106 1127
738 739 1147 1154
493 495 1176 1203
2390 2391 1127 1133
593 597 1273 1272
581 593 1277 1273
597 598 1272 1273
739 740 1154 1161
579 581 1278 1277
598 599 1273 1278
599 599 1284 1278
493 495 1221 1203
598 599 1288 1284
737 740 1178 1161
2389 2391 1155 1133
737 737 1181 1178
597 598 1292 1288
493 493 1226 1221
597 597 1294 1292
737 737 1185 1181
2389 2389 1162 1155
2388 2389 1163 1162
592 597 1300 1294
493 494 1226 1238
494 494 1238 1241
589 592 1306 1300
494 494 1248 1241
737 737 1185 1205
588 589 1308 1306
2388 2390 1163 1179
587 588 1309 1308
737 738 1205 1212
494 494 1256 1248
560 587 1311 1309
738 738 1212 1220
738 738 1222 1220
738 738 1233 1222
494 494 1256 1274
494 494 1275 1274
2389 2390 1210 1179
2389 2389 1212 1210
2389 2389 1213 1212
2389 2389 1213 1215
738 738 1233 1242
738 738 1243 1242
494 494 1283 1275
2389 2389 1215 1218
2389 2390 1218 1225
738 738 1243 1254
493 494 1292 1283
493 579 1292 1278
2390 2390 1225 1232
738 738 1254 1261
2390 2390 1232 1239
738 738 1261 1265
738 738 1269 1265
2390 2390 1243 1239
2390 2390 1247 1243
2390 2390 1250 1247
738 738 1277 1269
490 493 1310 1292
490 560 1310 1311
738 738 1280 1277
2390 2390 1254 1250
737 738 1284 1280
2389 2390 1258 1254
2389 2389 1260 1258
2389 2389 1261 1260
737 737 1291 1284
2389 2389 1261 1263
2389 2389 1263 1267
737 737 1298 1291
2389 2389 1267 1270
2389 2390 1270 1277
737 737 1298 1305
2389 2390 1281 1277
2389 2389 1284 1281
737 737 1305 1312
2389 2389 1288 1284
477 490 1337 1310
476 477 1339 1337
737 738 1312 1321
738 738 1321 1323
2389 2389 1296 1288
474 476 1344 1339
472 474 1346 1344
738 738 1331 1323
738 738 1339 1331
738 738 1340 1339
738 738 1341 1340
738 738 1352 1341
737 738 1359 1352
459 472 1367 1346
737 738 1359 1366
738 738 1366 1373
738 739 1373 1378
739 739 1380 1378
739 739 1381 1380
2389 2397 1296 1353
738 739 1392 1381
2397 2398 1353 1360
738 738 1392 1405
738 738 1405 1411
2398 2403 1360 1379
738 738 1419 1411
738 738 1419 1428
2403 2405 1379 1386
738 738 1433 1428
738 738 1433 1435
738 738 1440 1435
738 738 1440 1442
423 459 1414 1367
422 423 1415 1414
738 738 1450 1442
738 738 1450 1453
2405 2412 1386 1405
737 738 1461 1453
737 737 1468 1461
737 737 1475 1468
409 422 1429 1415
408 409 1429 1429
736 737 1482 1475
736 737 1482 1489
400 408 1437 1429
736 737 1497 1489
399 400 1438 1437
736 737 1497 1517
2412 2439 1405 1461
737 738 1517 1539
377 399 1463 1438
376 377 1465 1463
738 738 1539 1557
738 739 1557 1567
739 739 1571 1567
361 376 1479 1465
360 361 1480 1479
738 739 1582 1571
738 739 1582 1588
738 739 1594 1588
349 360 1491 1480
346 349 1494 1491
738 738 1605 1594
344 346 1496 1494
342 344 1498 1496
339 342 1501 1498
735 738 1621 1605
2439 2476 1461 1518
735 736 1621 1637
736 736 1637 1642
317 339 1520 1501
736 738 1642 1665
738 739 1665 1672
308 317 1529 1520
2476 2499 1518 1545
739 740 1672 1679
740 740 1679 1680
304 308 1533 1529
740 742 1680 1687
294 304 1542 1533
738 742 1712 1687
738 738 1714 1712
737 738 1719 1714
285 294 1550 1542
737 737 1721 1719
282 285 1554 1550
736 737 1738 1721
274 282 1561 1554
736 737 1738 1756
264 274 1571 1561
737 738 1756 1763
738 738 1763 1768
738 738 1770 1768
738 738 1777 1770
738 738 1777 1784
738 738 1784 1788
738 738 1788 1791
738 739 1791 1798
738 739 1805 1798
738 738 1811 1805
738 738 1817 1811
232 264 1602 1571
738 738 1824 1817
738 738 1825 1824
738 738 1831 1825
738 738 1845 1831
221 232 1614 1602
2499 2580 1545 1629
217 221 1617 1614
738 738 1845 1862
2580 2588 1629 1637
738 738 1862 1863
738 738 1876 1863
738 738 1883 1876
842 846 1951 1952
935 936 1953 1953
936 941 1953 1953
1000 1007 1953 1954
809 825 1941 1948
825 842 1948 1951
941 956 1953 1955
846 870 1952 1954
194 217 1637 1617
917 935 1955 1953
885 892 1954 1954
870 872 1954 1954
872 885 1954 1954
737 738 1894 1883
979 1000 1955 1953
977 979 1955 1955
907 917 1956 1955
892 906 1954 1957
906 907 1957 1956
1007 1031 1954 1957
956 969 1955 1957
969 977 1957 1955
1031 1034 1957 1958
1034 1035 1958 1959
1035 1039 1959 1960
737 738 1894 1901
748 809 1914 1941
738 738 1901 1908
738 738 1908 1909
738 748 1909 1914
733 738 1918 1909
1039 1097 1960 1968
728 733 1929 1918
725 728 1936 1929
722 725 1943 1936
720 722 1950 1943
717 720 1957 1950
1097 1120 1968 1978
714 717 1966 1957
166 194 1665 1637
712 714 1976 1966
711 712 1983 1976
1120 1137 1978 1988
709 711 1990 1983
1137 1141 1988 1991
709 709 1997 1990
153 166 1677 1665
708 709 2004 1997
708 708 2011 2004
2053 2054 1972 1972
2045 2053 1973 1972
1141 1152 1991 1999
1733 1737 1999 1998
2023 2045 1974 1973
1718 1733 1999 1999
1771 1777 2000 2000
2054 2096 1972 1974
798 802 2075 2075
802 806 2075 2076
806 813 2076 2076
1755 1771 2000 2000
1737 1755 1998 2000
2096 2099 1974 1975
2012 2023 1975 1974
1342 1357 2001 2001
1502 1521 2000 2001
813 823 2076 2076
823 829 2076 2075
1480 1502 2002 2000
2009 2012 1976 1975
707 708 2018 2011
1777 1798 2000 2001
1332 1342 2002 2001
1699 1718 2002 1999
904 924 2076 2078
829 847 2075 2078
1357 1383 2001 2003
1798 1807 2001 2002
1323 1332 2003 2002
2099 2113 1975 1977
2194 2201 1976 1977
2113 2116 1977 1977
2150 2154 1977 1976
2201 2204 1977 1978
1465 1480 2004 2002
2204 2214 1978 1979
2214 2222 1979 1979
2116 2125 1977 1977
1521 1538 2001 2004
2154 2161 1976 1977
2161 2164 1977 1977
2164 2194 1977 1976
995 1002 2079 2079
1907 1909 1991 1990
1995 2009 1980 1976
1982 1987 1981 1981
1987 1995 1981 1980
1453 1465 2003 2004
889 904 2079 2076
2125 2135 1977 1978
2135 2150 1978 1977
1002 1014 2079 2079
1383 1393 2003 2005
1966 1982 1983 1981
1961 1966 1983 1983
1014 1014 2079 2080
1933 1948 1982 1983
1948 1961 1983 1983
1909 1928 1990 1984
1928 1933 1984 1982
1443 1453 2004 2003
1570 1572 2005 2005
1824 1841 2004 2004
1823 1824 2004 2004
1817 1823 2004 2004
847 854 2078 2080
854 859 2080 2080
1807 1817 2002 2004
1875 1883 2001 1999
1883 1907 1999 1991
859 861 2080 2080
861 862 2080 2080
1560 1570 2005 2005
1841 1861 2004 2003
1861 1875 2003 2001
1552 1552 2006 2005
1552 1554 2005 2006
1554 1560 2006 2005
1674 1677 2005 2005
1572 1586 2005 2005
1586 1589 2005 2005
1589 1590 2005 2005
969 970 2080 2080
1538 1548 2004 2006
1548 1552 2006 2006
1393 1399 2005 2006
1399 1409 2006 2006
1590 1599 2005 2006
707 708 2018 2025
1656 1666 2005 2006
1666 1674 2006 2005
1677 1683 2005 2006
1683 1699 2006 2002
970 977 2080 2081
1628 1633 2005 2006
1633 1656 2006 2005
1173 1183 2006 2006
1409 1413 2006 2006
1599 1614 2006 2006
1614 1628 2006 2005
1309 1323 2005 2003
962 969 2081 2080
1152 1160 1999 2006
1160 1173 2006 2006
961 962 2081 2081
1413 1436 2006 2006
1436 1443 2006 2004
1113 1130 2051 2039
1157 1160 2010 2006
1296 1302 2006 2006
1014 1021 2080 2081
983 995 2081 2079
924 935 2078 2081
1032 1033 2081 2081
1210 1217 2006 2008
1033 1038 2081 2081
935 936 2081 2081
1183 1190 2006 2006
1302 1307 2006 2006
1307 1309 2006 2005
954 960 2082 2081
960 961 2081 2081
1075 1081 2077 2075
1081 1113 2075 2051
1130 1136 2039 2034
1038 1039 2081 2081
1207 1210 2007 2006
1271 1296 2010 2006
883 889 2081 2079
1190 1191 2006 2006
1191 1207 2006 2007
977 982 2081 2081
982 983 2081 2081
1021 1026 2081 2082
1026 1032 2082 2081
946 954 2082 2082
862 871 2080 2081
1066 1075 2080 2077
1217 1234 2008 2010
1234 1271 2010 2010
1136 1143 2034 2027
1143 1157 2027 2010
1050 1066 2082 2080
936 942 2081 2082
942 943 2082 2082
943 946 2082 2082
877 883 2082 2081
1039 1046 2081 2082
1046 1050 2082 2082
871 875 2081 2082
875 877 2082 2082
708 708 2025 2029
139 153 1691 1677
708 708 2032 2029
707 708 2039 2032
2222 2316 1979 1983
707 708 2039 2049
2316 2322 1983 1983
2554 2591 1810 1781
128 139 1703 1691
2588 2591 1637 1639
708 709 2049 2063
2390 2554 1969 1810
709 710 2063 2074
710 798 2074 2075
709 710 2082 2074
2322 2378 1983 1981
2378 2390 1981 1969
708 709 2087 2082
112 128 1724 1703
707 708 2097 2087
706 707 2104 2097
706 706 2111 2104
104 112 1733 1724
706 706 2118 2111
706 706 2118 2125
706 707 2125 2132
707 707 2132 2139
707 708 2139 2145
708 708 2146 2145
707 708 2153 2146
707 707 2160 2153
706 707 2167 2160
2378 2379 1981 2127
706 707 2167 2174
2379 2379 2130 2127
2379 2379 2135 2130
707 707 2174 2181
2379 2379 2142 2135
707 707 2181 2188
707 708 2188 2195
2378 2379 2150 2142
594 598 2272 2279
2378 2378 2151 2150
598 599 2279 2284
599 599 2284 2285
2378 2378 2151 2157
708 708 2195 2202
599 600 2285 2290
708 708 2202 2206
708 708 2209 2206
707 708 2216 2209
597 600 2300 2290
597 599 2300 2306
2378 2380 2157 2177
707 707 2223 2216
2379 2380 2184 2177
707 707 2230 2223
599 600 2306 2314
600 600 2314 2315
600 608 2315 2315
608 618 2315 2317
707 707 2230 2237
41 104 1799 1733
707 708 2237 2244
2379 2379 2205 2184
708 708 2244 2252
520 594 2282 2272
618 647 2317 2319
707 708 2261 2252
30 41 1811 1799
707 707 2265 2261
512 520 2284 2282
706 707 2272 2265
2379 2381 2205 2226
706 707 2272 2278
706 707 2286 2278
12 30 1827 1811
706 707 2286 2300
647 699 2319 2319
699 710 2319 2319
707 710 2300 2319
710 710 2319 2320
449 512 2286 2284
707 710 2338 2320
2381 2389 2226 2279
707 707 2360 2338
707 707 2365 2360
707 707 2365 2367
707 707 2367 2374
707 707 2381 2374
0 12 1838 1827
707 707 2384 2381
707 708 2384 2400
708 708 2400 2401
2389 2418 2279 2335
706 708 2421 2401
706 706 2421 2426
2408 2418 2355 2335
706 707 2426 2446
707 708 2446 2452
2393 2408 2394 2355
707 708 2460 2452
707 707 2464 2460
707 707 2467 2464
706 707 2475 2467
706 706 2483 2475
706 706 2483 2492
2381 2393 2447 2394
2381 2381 2448 2447
706 707 2492 2500
707 707 2502 2500
706 707 2510 2502
2380 2381 2469 2448
706 706 2517 2510
2380 2380 2475 2469
706 706 2517 2524
706 707 2524 2531
2379 2380 2486 2475
707 707 2531 2538
2379 2379 2492 2486
2379 2379 2492 2493
707 708 2538 2543
708 708 2545 2543
2379 2380 2493 2500
707 708 2552 2545
706 707 2559 2552
706 706 2566 2559
2380 2380 2500 2521
706 706 2573 2566
706 706 2573 2574
2380 2380 2528 2521
706 706 2580 2574
2380 2380 2535 2528
706 706 2580 2587
706 707 2587 2594
2379 2380 2548 2535
707 707 2594 2601
2379 2380 2548 2555
2380 2380 2555 2556
2380 2380 2556 2563
2380 2380 2563 2570
707 710 2601 2618
2380 2381 2570 2577
710 711 2618 2622
2380 2381 2584 2577
711 712 2622 2629
2380 2380 2591 2584
712 715 2629 2638
2378 2380 2612 2591
715 720 2638 2656
2374 2378 2633 2612
720 724 2656 2671
2369 2374 2654 2633
2367 2369 2661 2654
724 736 2671 2690
2365 2367 2668 2661
2362 2365 2675 2668
2360 2362 2682 2675
2357 2360 2689 2682
2355 2357 2693 2689
736 757 2690 2721
757 758 2721 2723
758 763 2723 2724
763 770 2724 2724
770 776 2724 2725
776 784 2725 2726
784 794 2726 2726
794 804 2726 2727
804 821 2727 2726
861 865 2727 2727
821 825 2726 2727
865 867 2727 2727
966 969 2727 2727
969 973 2727 2727
973 980 2727 2727
825 833 2727 2727
850 853 2727 2727
853 861 2727 2727
980 986 2727 2727
841 846 2727 2727
846 850 2727 2727
867 875 2727 2729
952 958 2729 2728
958 966 2728 2727
833 840 2727 2727
840 841 2727 2727
875 881 2729 2729
881 889 2729 2730
931 937 2731 2730
937 944 2730 2730
944 952 2730 2729
889 895 2730 2731
895 903 2731 2731
903 910 2731 2731
910 916 2731 2731
916 917 2731 2731
917 923 2731 2731
923 931 2731 2731
986 994 2727 2727
994 1007 2727 2727
1165 1168 2727 2727
1010 1015 2727 2728
1168 1175 2727 2728
1175 1182 2728 2727
1031 1035 2727 2728
1035 1042 2728 2727
1042 1043 2727 2727
1043 1049 2727 2728
1160 1165 2728 2727
1007 1010 2727 2727
1015 1021 2728 2728
1021 1022 2728 2728
1022 1029 2728 2728
1029 1031 2728 2727
1057 1064 2729 2730
1133 1141 2729 2729
1064 1070 2730 2730
1120 1126 2731 2730
1126 1133 2730 2729
1070 1077 2730 2731
1077 1085 2731 2731
1085 1091 2731 2731
1091 1099 2731 2732
1099 1105 2732 2731
1105 1112 2731 2731
1049 1057 2728 2729
1112 1120 2731 2731
1197 1203 2726 2727
1141 1148 2729 2727
1203 1212 2727 2727
1212 1220 2727 2728
1148 1151 2727 2728
1151 1160 2728 2728
1220 1231 2728 2727
1182 1192 2727 2727
1192 1197 2727 2726
1231 1240 2727 2728
1258 1260 2729 2728
1260 1264 2728 2728
1264 1267 2728 2728
1275 1280 2730 2730
1267 1271 2728 2729
1271 1275 2729 2730
1280 1287 2730 2731
1287 1293 2731 2731
1240 1242 2728 2728
1242 1245 2728 2728
1245 1258 2728 2729
1293 1344 2731 2734
2348 2355 2711 2693
1344 1364 2734 2736
1364 1367 2736 2736
4 449 2313 2286
2345 2348 2717 2711
1367 1376 2736 2739
2342 2345 2724 2717
2338 2342 2731 2724
2334 2338 2738 2731
1376 1429 2739 2763
2330 2334 2745 2738
0 4 2313 2313
2308 2330 2782 2745
1429 1490 2763 2792
1490 1506 2792 2802
1506 1513 2802 2807
1513 1564 2807 2850
1564 1568 2850 2853
2263 2308 2854 2782
2263 2591 2854 2801
2247 2263 2871 2854
2240 2247 2878 2871
2234 2240 2885 2878
2234 2234 2884 2885
2227 2234 2892 2884
548 572 3046 3045
1568 1611 2853 2898
572 621 3045 3044
2219 2227 2899 2892
496 548 3051 3046
621 627 3044 3046
490 496 3052 3051
481 490 3053 3052
2212 2219 2906 2899
627 655 3046 3054
2209 2212 2908 2906
655 666 3054 3058
446 481 3063 3053
2205 2209 2913 2908
2198 2205 2920 2913
427 446 3070 3063
2192 2198 2927 2920
666 714 3058 3076
2185 2192 2934 2927
2183 2185 2935 2934
714 731 3076 3084
2178 2183 2941 2935
731 745 3084 3091
2175 2178 2943 2941
2171 2175 2948 2943
2169 2171 2949 2948
364 427 3100 3070
361 364 3101 3100
745 763 3091 3101
2164 2169 2955 2949
763 775 3101 3109
349 361 3109 3101
2157 2164 2961 2955
335 349 3118 3109
775 801 3109 3128
2133 2157 2988 2961
2124 2133 2996 2988
2122 2124 2999 2996
277 335 3163 3118
2105 2122 3015 2999
801 850 3128 3166
850 856 3166 3171
856 861 3171 3175
2088 2105 3033 3015
861 894 3175 3212
214 277 3211 3163
189 214 3233 3211
1611 1777 2898 3122
1777 1786 3122 3136
1786 1807 3136 3171
894 975 3212 3299
1807 1838 3171 3227
1838 1859 3227 3267
1897 2088 3283 3033
1859 1871 3267 3290
1871 1875 3290 3299
1887 1897 3299 3283
2418 2591 2335 2334
113 189 3299 3233
